RMSE: 108.96761182905736
MAE: 89.28707305648362